2004 	 68
1994 	 3
2005 	 97
2006 	 72
2003 	 58
2002 	 45
2007 	 50
1999 	 28
1992 	 16
2000 	 23
2001 	 46
1987 	 14
1993 	 6
1997 	 12
1995 	 10
1998 	 8
1982 	 6
1975 	 3
1991 	 8
1985 	 5
1986 	 7
1988 	 9
1989 	 10
1990 	 7
1996 	 8
1984 	 4
1966 	 4
2008 	 63
2009 	 43
2004  	 2
2010 	 53
[s.f.] 	 20
[2010] 	 2
1983 	 5
1981 	 2
1979 	 2
208 	 2
? 	 4
Mar. 2006 	 4
Dic. 2006 	 6
Ene. 2007 	 4
Mar. 2007 	 5
Abr. 2007 	 2
May. 2007 	 2
Ago. 2007 	 2
Dic. 2007 	 7
Ene. 2008 	 2
Mar. 2008 	 4
Abr. 2008 	 4
May. 2008 	 2
Oct. 2008 	 3
Mar. 2009 	 2
Abr. 2009 	 3
May. 2009 	 4
May. 2010 	 3
Dic. 2008 	 4
Ago. 2009 	 3
Ene. 2010 	 2
Mar. 2010 	 3
Abr. 2010 	 2
Ago. 2010 	 2
Mar. 2003 	 4
Dic. 2003 	 3
Mar. 2004 	 2
Dic. 2004 	 3
Mar. 2005 	 2
Dic. 2005 	 3
01/06/2007 	 2
01/06/2008 	 3
01/06/2009 	 3
Ene.-Feb. 2003 	 2
01/02/2009 	 3
01/06/2010 	 2
Oct. 2003 	 2
Ago. 2008 	 2
Ene. 2009 	 2
Dic. 2009 	 2
01/06/2004 	 2
01/06/2005 	 2
01/06/2006 	 2
01/09/2006 	 2
01/09/2008 	 2
1980 	 1
1977 	 2
2011 	 20
1970 	 1
1978 	 1
1974 	 1
[2009] 	 2
